12	
533.15	96.5266
304.2 	73.76 	0.225 	44.01 	-0.0817 	0.0026 
187.59 	45.48 	0.0094 	16.58 	-0.1609 	0.25056
305.4 	48.84 	0.098 	30.07 	-0.1134 	0.11868
369.8 	42.46 	0.152 	44.097 	-0.0863 	0.09758
421.49 	37.66 	0.1894 	58.12 	-0.0711 	0.06399
466.18 	33.78 	0.2421 	72.15 	-0.047 		0.04029
507.5 	32.89 	0.275 	86 	-0.059 		0.03379
627.2 	25.48 	0.32 	137.76 	 0.0037 	0.18346
684.14 	20.49 	0.46 	198.2 	 0.0522 	0.07872
733.42 	17.38 	0.575 	255.58 	 0.0752 	0.06091
791.36 	15.95 	0.7 	322.9 	 0.0998 	0.03244
1066.91 10.71 	1.1184 	344.97 	 0.0868 	0.03696
0 	0.00005 0.0034 	0.0098 	0.0164 	0.0233 	0.0274 	0.0489 	0.0637 	0.0759 	0.0836 	0.1221
0.00005 0 	0.0026 	0.0084 	0.0146 	0.0212 	0.0252 	0.0459 	0.0604 	0.0723 	0.0798 	0.1178
0.0034 	0.0026 	0 	0.0017 	0.0049 	0.0090 	0.0117 	0.0272 	0.0389 	0.0488 	0.0553 	0.0888
0.0098 	0.0084 	0.0017 	0 	0.00088 0.0029 	0.0046 	0.0157 	0.0249 	0.0332 	0.0386 	0.0680
0.0164 	0.0146 	0.0049 	0.00088 0 	0.0006 	0.0015 	0.0092 	0.0166 	0.0236 	0.0283 	0.0544
0.0233 	0.0212 	0.0090 	0.0029 	0.0006 	0 	0.00018 0.0050 	0.0109 	0.0167 	0.0207 	0.044
0.0274 	0.0252 	0.0117 	0.0046 	0.0015 	0.00018 0 	0.0033 	0.0083 	0.0134 	0.0170 	0.0388
0.0489 	0.0459 	0.0272 	0.0157 	0.0092 	0.0050 	0.0033 	0 	0.0011 	0.0034 	0.0054 	0.0199
0.0637 	0.0604 	0.0389 	0.0249 	0.0166 	0.0109 	0.0083 	0.0011 	0 	0.0006 	0.0016 	0.0117
0.0759 	0.0723 	0.0488 	0.0332 	0.0236 	0.0167 	0.0134 	0.0034 	0.0006 	0 	0.00022 0.0069
0.0836 	0.0798 	0.0553 	0.0386 	0.0283 	0.0207 	0.0170 	0.0054 	0.0016 	0.00022 0 	0.00467